100
0
100
8265
9394
8437
4370
10659
11792
9766
5952
4895
11475
14345
12104
4318
13709
4935
2958
3498
5587
8117
6884
17415
10487
7889
4050
8417
11940
22603
14513
22371
5511
17519
21462
4831
10611
21326
20890
4298
12716
11087
11467
8081
16030
5443
3674
9934
13749
12980
15758
19545
23359
7156
7517
21050
21194
9074
14481
3882
2181
4843
7409
18188
20405
8517
5339
20185
18784
5287
18800
17940
7144
4154
6628
5051
2121
3742
6844
4511
5731
4074
6232
7160
4523
7132
4338
5183
4150
5791
6052
11087
5171
7160
5455
7068
5847
5527
5635
6520
5980
4114
6432
