100
1
0.08265620622022976
0.09394388183965097
0.08437737661609895
0.043709722611375734
0.10659248288836409
0.11792018572629388
0.09766641316094944
0.05952047392226714
0.04895328823600048
0.1147580354641156
0.14345755113477165
0.12104230876996358
0.04318936877076412
0.1370932233919065
0.04935356042108634
0.029580114477844935
0.034983788976504025
0.05587799703798583
0.08117519913541207
0.06884681583476764
0.174158427730857
0.1048713124924949
0.07889364768042269
0.04050754513068887
0.08417724052355602
0.11940119281111156
0.22603370291798422
0.14513869431213225
0.22371212424448625
0.0551174798863227
0.1751991354120802
0.21462594564303727
0.048312852739863105
0.10611215626626105
0.21326502021374535
0.2089020533963095
0.04298923267822119
0.1271664732017772
0.11087539526878278
0.11467798102709843
0.0808149541688348
0.16030901012688628
0.05443701717167674
0.0367449865908818
0.09934755633831005
0.13749349557699236
0.12980826962334388
0.15758715926830244
0.19545290797742465
0.23359884721610696
0.07156866669335148
0.0751711163591242
0.21050314213665292
0.211944122002962
0.0907417043589641
0.14481847656406358
0.03882640195332826
0.021814834087179283
0.048432934395388864
0.07409038145939238
0.18188368090301404
0.2040587599567706
0.08517792098627067
0.05339630949045351
0.20185726293879838
0.18784773646079334
0.05287595564984189
0.18800784533482767
0.17940199335548174
0.07144858503782572
0.0415482528119121
0.06628507385021815
0.05051434975783533
0.021214425809550495
0.03742544930552776
0.06844654364968178
0.04511067525917624
0.05731897690429492
0.04074770844174038
0.06232237921786815
0.07160869391186006
0.045230756914702
0.07132850338229997
0.043389504863307046
0.05183524796861866
0.04150822559340352
0.05791938518192371
0.06052115438498179
0.11087539526878278
0.051715166313092906
0.07160869391186006
0.0545570988272025
0.0706880678861626
0.05847976624104391
0.055277588760357044
0.05635832366008886
0.06520433895048633
0.059800664451827246
0.041147980626826244
0.06432374014329745
